Univariate GMM
Link1: Alvernon  -> Columbus

$Pi
[1] 0.6547958 0.2325503 0.1126539

$Mu
[1]  53.40069  66.85142 115.34070

$Sigma
[1]  26.33393 135.17557 981.08500

$loglikelihood
[1] -23034.95

Link2: Columbus -> Swan

$Pi
[1] 0.5791915 0.3071912 0.1136173

$Mu
[1]  57.47536  74.91055 125.52219

$Sigma
[1]  67.8512 162.9658 631.5054

$loglikelihood
[1] -25162.96

Link3: Swan -> Rosemont

$Pi
[1] 0.09798409 0.71305261 0.18896330

$Mu
[1] 97.66305 51.14884 62.75426

$Sigma
[1] 901.17347  31.00597  99.20501

$loglikelihood
[1] -22230.46

Link4: Rosemont -> Craycroft

$Pi
[1] 0.59349903 0.02697555 0.37952542

$Mu
[1]  72.91124 160.31854  91.51193

$Sigma
[1] 177.6018 101.4874 420.1962

$loglikelihood
[1] -25946.38

Link5: Craycroft -> Wilmot

$Pi
[1] 0.2319515 0.1309386 0.6371099

$Mu
[1] 132.9261 188.7008 107.4272

$Sigma
[1]  162.66843 3082.46684   65.88103

$loglikelihood
[1] -26031.87


Link6: Wilmot -> Kolb

$Pi
[1] 0.17594123 0.74330139 0.08075738

$Mu
[1] 186.92614 153.90338  97.21446

$Sigma
[1] 2530.5552  200.2076  242.4268

$loglikelihood
[1] -27590.38

Multivariate GMM
$Pi
[1] 0.2079498 0.5994041 0.1926461

$Mu
         [,1]     [,2]     [,3]     [,4]     [,5]     [,6]
[1,] 73.47794 80.34905 75.93525 90.48275 162.5431 170.4729
[2,] 54.55734 61.13150 52.59148 76.15778 114.1929 150.0523
[3,] 80.58734 89.34287 54.94644 92.72638 112.8237 154.3952

$Sigma
, , 1

          [,1]     [,2]       [,3]      [,4]       [,5]      [,6]
[1,] 907.32269 201.8308   62.51584  71.88108  144.21998  315.9859
[2,] 201.83077 901.6880   72.18670 105.74030  227.11784  159.3783
[3,]  62.51584  72.1867  906.67275 269.48261 -120.46961  150.6602
[4,]  71.88108 105.7403  269.48261 695.68752  -65.55793   67.9600
[5,] 144.21998 227.1178 -120.46961 -65.55793 3171.29165  398.2883
[6,] 315.98587 159.3783  150.66016  67.96000  398.28828 2526.7194

, , 2

          [,1]       [,2]      [,3]       [,4]       [,5]       [,6]
[1,] 43.857435  14.738933  2.535657   3.296145   1.594707   8.794874
[2,] 14.738933 128.118414  2.858983  23.427866  -4.241375  11.481070
[3,]  2.535657   2.858983 52.777707  -6.310974   2.679257  10.230522
[4,]  3.296145  23.427866 -6.310974 241.329468 -11.326042  17.877544
[5,]  1.594707  -4.241375  2.679257 -11.326042 245.852196  58.605896
[6,]  8.794874  11.481070 10.230522  17.877544  58.605896 704.594239

, , 3

           [,1]       [,2]        [,3]       [,4]        [,5]       [,6]
[1,]  994.05241 -210.45485 -20.2460864 -204.28980 -10.4300554  19.556326
[2,] -210.45485 1058.05174   4.7649697 -129.99135  37.5172560  11.709952
[3,]  -20.24609    4.76497  76.0005109   17.65329  -0.6081912   6.122075
[4,] -204.28980 -129.99135  17.6532914  880.04593  61.3963717  43.581091
[5,]  -10.43006   37.51726  -0.6081912   61.39637 142.4871144 -17.472712
[6,]   19.55633   11.70995   6.1220748   43.58109 -17.4727117 265.844402


$loglikelihood
[1] -153051.7

Hidden Markov model
$pi
[1] 0.6512502 0.2272857 0.1214641

$mu
$mu[[1]]
[1]  53.19229  66.56750 113.07972

$mu[[2]]
[1]  56.22194  70.63733 118.71078

$mu[[3]]
[1] 98.63384 50.95669 60.17862

$mu[[4]]
[1]  75.73421 165.11866 102.85707

$mu[[5]]
[1] 130.4364 190.9532 107.0788

$mu[[6]]
[1] 189.26022 153.29985  92.21743


$sigma
$sigma[[1]]
[1]  26.42425 106.89142 987.44648

$sigma[[2]]
[1]  58.3158 148.7653 784.3552

$sigma[[3]]
[1] 859.31802  28.69648 106.96143

$sigma[[4]]
[1] 222.76166  50.26462 564.03706

$sigma[[5]]
[1]  211.52471 3071.23679   63.86062

$sigma[[6]]
[1] 2492.1916  224.9221  145.5884


$A.transition
$A.transition[[1]]
          [,1]      [,2]       [,3]
[1,] 0.6237637 0.2969119 0.07932444
[2,] 0.1843685 0.6167942 0.19883729
[3,] 0.1363398 0.5266427 0.33701746

$A.transition[[2]]
           [,1]      [,2]      [,3]
[1,] 0.02894294 0.7607138 0.2103432
[2,] 0.13250446 0.5910663 0.2764292
[3,] 0.21902821 0.4373576 0.3436141

$A.transition[[3]]
             [,1]       [,2]       [,3]
[1,] 2.281246e-14 0.01305812 0.98694188
[2,] 9.415844e-01 0.01146951 0.04694608
[3,] 7.314770e-01 0.03501763 0.23350541

$A.transition[[4]]
          [,1]       [,2]      [,3]
[1,] 0.2685221 0.08985030 0.6416276
[2,] 0.5457137 0.08271504 0.3715713
[3,] 0.2739111 0.28119785 0.4448910

$A.transition[[5]]
           [,1]      [,2]         [,3]
[1,] 0.21702702 0.7826668 0.0003061289
[2,] 0.53743492 0.3987635 0.0638015293
[3,] 0.06637759 0.8337022 0.0999201725


$loglikelihood
[1] -149166.2
