$Pi
[1] 0.55882400 0.36006495 0.08111105

$Mu
         [,1]     [,2]     [,3]      [,4]     [,5]
[1,] 70.99032 82.54656 36.84026  41.52960 102.1366
[2,] 54.80941 67.82681 48.50098 101.38638 100.5686
[3,] 91.23277 44.08431 49.57791  95.54829 103.8259

$Sigma
, , 1

            [,1]        [,2]      [,3]       [,4]       [,5]
[1,]  621.713719 -230.540015 -1.600382 -19.306483   2.458516
[2,] -230.540015  440.353564  7.408417  17.988954  -6.723652
[3,]   -1.600382    7.408417 15.704373  -5.435238  -7.529569
[4,]  -19.306483   17.988954 -5.435238  42.409532  34.658595
[5,]    2.458516   -6.723652 -7.529569  34.658595 422.646731

, , 2

           [,1]       [,2]       [,3]       [,4]       [,5]
[1,] 386.225480 -22.053591   16.48394   30.83625  -2.345835
[2,] -22.053591 337.082043   41.04691   21.45627  -2.181291
[3,]  16.483936  41.046908  163.72314 -125.12960 -10.800363
[4,]  30.836250  21.456267 -125.12960  148.77269  10.130224
[5,]  -2.345835  -2.181291  -10.80036   10.13022  16.841533

, , 3

           [,1]      [,2]       [,3]       [,4]       [,5]
[1,]  237.29690 -29.54981  -15.74901  -49.10763 -106.20461
[2,]  -29.54981  17.20923    6.97808   22.05286   32.62239
[3,]  -15.74901   6.97808  131.45562 -110.59668    6.47038
[4,]  -49.10763  22.05286 -110.59668  230.70568   40.48043
[5,] -106.20461  32.62239    6.47038   40.48043  220.26917